------------------
-   ONLINE SVR   -
------------------

------------------
-   PARAMETERS   -
------------------
SamplesTrainedNumber = 6
SamplesDimension = 1
C = 1
Epsilon = 0.0100000000000000002081668171172
KernelType = 102
KernelParam = 30
KernelParam2 = 0
Verbosity = 1
AutoErrorTollerance = 1
ErrorTollerance = 0.0100000000000000002081668171172
StabilizedLearning = 1
SaveKernelMatrix = 1

-----------------------
-   TRAINING SET X    -
-----------------------
0.911647357936784308307665014581 
0.197551369293383960457077819228 
0.335222755714889020239866113116 
0.952229725174712826607503757259 
0.717296929432683083582844574266 
0.14160255535580337782342041919 

-----------------------
-   TRAINING SET Y    -
-----------------------
0.790513726891525547735284362716 0.196268916486440458957218879732 0.328979534509053206381423706262 0.814710475125286825992532158125 0.657350081581993261892193913809 0.141129810727002147352493466315 

-------------------
-   SET INDEXES   -
-------------------
SupportSetElementsNumber = 6
ErrorSetElementsNumber = 0
RemainingSetElementsNumber = 0
SupportSet = 0 3 4 1 2 5 
ErrorSet = 
RemainingSet = 

--------------------
-   Weights & BIAS   -
--------------------
Weights = -0.0437714258453200041887320992373 0.199098905023305655648258039037 -0.109171590075571700584333711959 0.333802973116671786169007418721 0.106877612937925914327053078523 -0.486836475157007952940801942532 
Bias = 0.492162944743686159299045357329

----------------
-   R MATRIX   -
----------------
-0.296280913030725179257984791548 -0.271975177162669667918493132674 0.500885008532532038927342910029 0.284155590486530384985996988689 -0.36912640735586288442959812528 0.331369615752017065979373455775 0.524691369747455671479485772579 
-0.271975177162669667918493132674 13.3260089502349678980408498319 -12.0839346740222790543839437305 -1.71622644094130083480820303521 -0.415277398070916403671759553617 0.354419332873309289588803494553 0.53501022992622437879361996238 
0.500885008532532038927342910029 -12.0839346740222790543839437305 11.7812937913616870844180084532 1.14817166437766626785332846339 0.686866517746434812607958519948 -0.601501862448026392016231511661 -0.93089543701548982390647779539 
0.284155590486530384985996988689 -1.71622644094130083480820303521 1.14817166437766626785332846339 1.05357687483238016135089765157 0.406152158404232910271502987598 -0.352054629513058880974085695925 -0.53961962715992206618409454677 
-0.36912640735586288442959812528 -0.415277398070916403671759553617 0.686866517746434812607958519948 0.406152158404232910271502987598 10.7358412911164879943726191414 -2.97545342249055178029948365293 -8.43812914670567337793727347162 
0.331369615752017065979373455775 0.354419332873309289588803494553 -0.601501862448026392016231511661 -0.352054629513058880974085695925 -2.97545342249055178029948365293 1.77298955716672113069876104419 1.80160102441161229513966191007 
0.524691369747455671479485772579 0.53501022992622437879361996238 -0.93089543701548982390647779539 -0.53961962715992206618409454677 -8.43812914670567337793727347162 1.80160102441161229513966191007 7.57203295654323049745926255127 

